ADMIN000000000
admin
10089081994332581363
admin0002
admin@gmail.com
0914997062


0





4738994





4738994





4359136





4739186





4359424





4359392





4359664





4739410





4359696





4359696





4359696





4359728





4359984





4360704





4360816





4740578





4360864





4361632





4361632





4361632





4361616





4361616





4361856





4363472





4363904





4365360





4365328





4365328





4365952





4365952





4366064





4745826





4366064





4366064





4366064





4366256





4366384





4366384





4367408





4367408





4367408





4367552





4367552





4367552





4367552





4367552





4367552





4367552





4367568





4367552





4367648





4367648





4367648





4367776



